100 0.00001777 200
106 0.00001728 212
114 0.00001866 228
122 0.00001936 244
130 0.00002125 260
139 0.00002207 278
149 0.00002759 298
159 0.00002526 318
170 0.00002670 340
182 0.00002866 364
194 0.00003428 388
208 0.00003297 416
222 0.00003548 444
238 0.00004195 476
254 0.00004024 508
272 0.00004912 544
290 0.00005070 580
310 0.00005327 620
332 0.00006228 664
355 0.00006202 710
379 0.00007347 758
406 0.00008307 812
434 0.00008767 868
464 0.00009280 928
496 0.00009945 992
530 0.00010323 1060
567 0.00011501 1134
606 0.00012182 1212
648 0.00012902 1296
692 0.00013788 1384
740 0.00015216 1480
791 0.00015994 1582
846 0.00016896 1692
904 0.00018781 1808
967 0.00019220 1934
1033 0.00020809 2066
1105 0.00021960 2210
1181 0.00023588 2362
1263 0.00025248 2526
1350 0.00026813 2700
1443 0.00028528 2886
1543 0.00030444 3086
1649 0.00032870 3298
1763 0.00034984 3526
1885 0.00037195 3770
2015 0.00037758 4030
2154 0.00060842 4308
2303 0.00046813 4606
2462 0.00049967 4924
2632 0.00053131 5264
2813 0.00053510 5626
3007 0.00058647 6014
3215 0.00060469 6430
3437 0.00065993 6874
3674 0.00073117 7348
3928 0.00072797 7856
4199 0.00081470 8398
4489 0.00088755 8978
4799 0.00093760 9598
5130 0.00099304 10260
5484 0.00110182 10968
5862 0.00236630 11724
6267 0.00124598 12534
6700 0.00132088 13400
7162 0.00136051 14324
7656 0.00142183 15312
8185 0.00287918 16370
8750 0.00169266 17500
9354 0.00178567 18708
10000 0.00302746 20000
